1481
[7, 6, 6, 6, 7, 7, 5, 6, 6, 6, 5, 7, 6, 7]
6.2143
1568
[6, 6, 7, 6, 6, 5, 6, 5, 6, 6, 6, 6, 6, 4]
5.7857
1626
[6, 6, 2, 6, 6, 6, 3, 4, 6, 6, 3, 3, 6, 7]
5.0000
1784
[6, 6, 7, 6, 3, 6, 6, 6, 5, 7, 6, 6, 6, 4]
5.7143
1883
[6, 5, 6, 3, 6, 6, 6, 6, 6, 6, 5, 7, 5, 5]
5.5714
1908
[3, 6, 3, 3, 7, 6, 3, 4, 6, 4, 4, 6, 6, 4]
4.6429
2078
[6, 6, 6, 6, 6, 6, 6, 7, 7, 4, 7, 5, 4, 4]
5.7143
225
[7, 6, 7, 6, 6, 6, 6, 5, 6, 4, 4, 6, 6, 3]
5.5714
2575
[6, 6, 7, 7, 6, 7, 6, 5, 6, 6, 7, 7, 7, 6]
6.3571
2610
[6, 7, 3, 6, 6, 7, 7, 6, 6, 6, 7, 7, 6, 6]
6.1429
2683
[6, 6, 6, 6, 2, 6, 5, 6, 6, 6, 7, 6, 6, 3]
5.5000
2721
[3, 6, 4, 4, 6, 6, 6, 6, 6, 6, 6, 3, 6, 6]
5.2857
323
[7, 6, 6, 6, 6, 6, 7, 6, 6, 6, 6, 6, 6, 7]
6.2143
3637
[7, 6, 7, 7, 7, 6, 6, 7, 6, 5, 7, 6, 3, 6]
6.1429
638
[6, 5, 5, 6, 6, 6, 4, 6, 6, 6, 5, 5, 5, 6]
5.5000
6670
[6, 6, 7, 7, 6, 6, 7, 6, 6, 7, 6, 7, 5, 4]
6.1429
6863
[7, 2, 3, 6, 6, 6, 6, 4, 6, 5, 6, 5, 6, 7]
5.3571
7266
[6, 6, 7, 6, 6, 6, 6, 5, 7, 7, 7, 6, 6, 7]
6.2857
7626
[6, 6, 6, 6, 6, 7, 6, 6, 7, 6, 7, 7, 7, 6]
6.3571
914
[6, 6, 6, 6, 6, 7, 7, 7, 7, 6, 6, 6, 6, 6]
6.2857
