1481
[0, 0, 1, 1, 1, 0, 1, 1, 1, 1, 1, 1, 0, 1]
0.7143
1568
[1, 1, 1, 0, 0, 0, 1, 1, 1, 0, 0, 0, 1, 0]
0.5000
1626
[0, 0, 1, 0, 0, 1, 1, 0, 1, 1, 1, 1, 1, 0]
0.5714
1784
[0, 0, 0, 0, 1, 0, 1, 1, 0, 0, 1, 0, 0, 1]
0.3571
1883
[0, 1, 0, 1, 0, 0, 0, 1, 0, 1, 1, 0, 1, 0]
0.4286
1908
[1, 1, 1, 1, 1, 1, 1, 1, 0, 1, 1, 0, 0, 1]
0.7857
2078
[1, 0, 0, 1, 1, 0, 0, 0, 1, 1, 1, 0, 0, 0]
0.4286
225
[0, 0, 1, 0, 0, 0, 1, 0, 1, 1, 0, 0, 1, 0]
0.3571
2575
[0, 0, 0, 0, 1, 0, 0, 0, 0, 0, 1, 1, 1, 0]
0.2857
2610
[1, 1, 1, 1, 1, 0, 1, 1, 1, 1, 0, 1, 0, 1]
0.7857
2683
[1, 1, 0, 0, 0, 1, 0, 1, 1, 1, 0, 0, 1, 0]
0.5000
2721
[0, 0, 0, 1, 0, 0, 1, 1, 1, 0, 0, 0, 1, 0]
0.3571
323
[0, 1, 1, 1, 1, 1, 0, 1, 1, 1, 1, 0, 0, 1]
0.7143
3637
[1, 0, 1, 1, 1, 1, 1, 1, 1, 0, 1, 1, 1, 1]
0.8571
638
[1, 1, 1, 0, 0, 0, 0, 1, 0, 1, 0, 0, 0, 1]
0.4286
6670
[1, 0, 0, 0, 1, 0, 1, 0, 0, 0, 1, 0, 1, 1]
0.4286
6863
[0, 1, 1, 0, 1, 1, 1, 1, 1, 0, 0, 0, 1, 0]
0.5714
7266
[0, 0, 0, 0, 0, 0, 1, 0, 0, 0, 1, 0, 0, 0]
0.1429
7626
[0, 0, 1, 1, 0, 1, 1, 1, 1, 0, 0, 0, 1, 1]
0.5714
914
[0, 1, 1, 1, 1, 1, 1, 0, 1, 1, 0, 0, 1, 1]
0.7143
1481
[1, 1, 1, 1, 1, 1, 1, 1, 1, 1, 1, 1, 1, 1]
1.0000
1568
[1, 1, 1, 0, 1, 1, 1, 1, 1, 1, 1, 1, 1, 1]
0.9286
1626
[1, 1, 1, 1, 1, 1, 1, 1, 1, 1, 1, 1, 1, 1]
1.0000
1784
[1, 1, 0, 1, 1, 1, 1, 1, 0, 1, 1, 1, 1, 1]
0.8571
1883
[1, 1, 1, 1, 1, 1, 1, 1, 1, 1, 1, 1, 1, 1]
1.0000
1908
[1, 1, 1, 1, 0, 1, 1, 1, 1, 1, 1, 1, 0, 1]
0.8571
2078
[0, 0, 1, 1, 1, 0, 0, 1, 1, 1, 0, 1, 1, 1]
0.6429
225
[1, 1, 1, 1, 1, 1, 1, 1, 1, 1, 1, 1, 1, 1]
1.0000
2575
[1, 1, 1, 1, 1, 0, 1, 1, 1, 0, 1, 1, 1, 1]
0.8571
2610
[1, 1, 1, 1, 1, 1, 1, 1, 1, 1, 1, 1, 1, 1]
1.0000
2683
[1, 1, 1, 1, 1, 1, 1, 1, 1, 1, 1, 1, 1, 1]
1.0000
2721
[1, 1, 1, 1, 1, 1, 1, 1, 1, 1, 1, 1, 1, 1]
1.0000
323
[1, 1, 1, 1, 1, 1, 1, 1, 1, 1, 1, 1, 1, 1]
1.0000
3637
[1, 1, 1, 1, 1, 1, 1, 1, 1, 1, 1, 1, 1, 1]
1.0000
638
[0, 1, 1, 0, 1, 1, 1, 1, 1, 1, 1, 1, 1, 1]
0.8571
6670
[1, 1, 1, 1, 1, 1, 1, 1, 1, 1, 1, 1, 1, 1]
1.0000
6863
[1, 1, 1, 1, 1, 1, 1, 0, 1, 0, 1, 1, 1, 1]
0.8571
7266
[1, 1, 0, 0, 1, 1, 1, 1, 1, 0, 1, 1, 1, 1]
0.7857
7626
[1, 1, 1, 1, 1, 1, 1, 0, 1, 1, 1, 1, 1, 1]
0.9286
914
[1, 1, 1, 1, 1, 1, 1, 1, 1, 1, 1, 1, 1, 1]
1.0000
1481
[1, 1, 1, 1, 0, 1, 1, 1, 1, 1, 1, 1, 1, 1]
0.9286
1568
[0, 1, 1, 1, 1, 1, 1, 1, 1, 1, 1, 1, 1, 0]
0.8571
1626
[1, 1, 1, 1, 1, 1, 1, 1, 1, 1, 1, 1, 1, 1]
1.0000
1784
[1, 1, 0, 1, 1, 0, 1, 1, 0, 1, 1, 0, 0, 1]
0.6429
1883
[1, 1, 1, 1, 1, 1, 1, 1, 1, 1, 1, 1, 1, 1]
1.0000
1908
[1, 1, 1, 1, 1, 1, 0, 1, 1, 1, 1, 1, 1, 1]
0.9286
2078
[0, 1, 1, 1, 1, 0, 1, 1, 1, 1, 1, 1, 1, 1]
0.8571
225
[0, 1, 1, 1, 1, 1, 1, 1, 1, 1, 1, 1, 1, 1]
0.9286
2575
[1, 1, 1, 1, 1, 1, 1, 1, 1, 1, 1, 1, 1, 1]
1.0000
2610
[1, 1, 1, 1, 1, 1, 1, 1, 1, 1, 1, 1, 1, 1]
1.0000
2683
[1, 0, 1, 0, 1, 1, 1, 1, 1, 1, 1, 1, 1, 1]
0.8571
2721
[1, 1, 1, 1, 0, 1, 1, 1, 1, 1, 1, 0, 1, 1]
0.8571
323
[1, 1, 1, 1, 1, 1, 1, 1, 1, 1, 1, 1, 1, 1]
1.0000
3637
[1, 1, 1, 1, 1, 0, 1, 1, 1, 1, 1, 1, 1, 0]
0.8571
638
[1, 1, 1, 1, 1, 1, 1, 1, 1, 1, 1, 1, 0, 0]
0.8571
6670
[1, 1, 1, 1, 1, 1, 1, 1, 1, 1, 1, 1, 1, 1]
1.0000
6863
[1, 1, 1, 1, 1, 1, 1, 1, 1, 1, 1, 1, 1, 1]
1.0000
7266
[1, 1, 1, 1, 1, 0, 0, 1, 1, 1, 1, 1, 0, 1]
0.7857
7626
[1, 1, 1, 1, 1, 1, 1, 1, 1, 1, 1, 1, 1, 1]
1.0000
914
[1, 1, 1, 1, 1, 0, 1, 1, 1, 1, 1, 1, 1, 1]
0.9286
1481
[1, 1, 1, 1, 0, 1, 1, 0, 1, 1, 1, 0, 1, 1]
0.7857
1568
[1, 0, 0, 0, 0, 0, 1, 0, 0, 0, 0, 1, 0, 1]
0.2857
1626
[0, 1, 0, 0, 1, 0, 0, 0, 1, 1, 0, 1, 1, 1]
0.5000
1784
[0, 1, 0, 0, 0, 0, 0, 1, 0, 0, 1, 1, 1, 0]
0.3571
1883
[1, 1, 0, 1, 0, 1, 0, 0, 0, 1, 0, 1, 1, 0]
0.5000
1908
[0, 1, 0, 1, 0, 1, 0, 0, 1, 0, 1, 1, 0, 1]
0.5000
2078
[0, 0, 0, 0, 0, 0, 0, 0, 0, 1, 0, 0, 1, 1]
0.2143
225
[0, 1, 1, 0, 1, 0, 0, 1, 1, 0, 1, 1, 0, 1]
0.5714
2575
[0, 0, 0, 1, 1, 0, 0, 0, 1, 0, 0, 0, 0, 0]
0.2143
2610
[1, 1, 1, 0, 1, 0, 0, 0, 0, 0, 0, 0, 1, 0]
0.3571
2683
[1, 0, 1, 1, 1, 0, 0, 1, 0, 1, 1, 0, 1, 1]
0.6429
2721
[1, 1, 0, 1, 1, 0, 1, 1, 0, 0, 0, 1, 0, 1]
0.5714
323
[0, 1, 1, 1, 0, 1, 0, 1, 1, 1, 0, 1, 0, 0]
0.5714
3637
[0, 0, 1, 1, 1, 1, 0, 0, 0, 1, 1, 0, 0, 0]
0.4286
638
[1, 1, 0, 0, 1, 1, 0, 0, 1, 1, 0, 1, 1, 1]
0.6429
6670
[0, 0, 0, 1, 0, 1, 1, 0, 1, 1, 1, 0, 1, 0]
0.5000
6863
[0, 0, 1, 0, 1, 0, 1, 0, 1, 0, 1, 0, 0, 1]
0.4286
7266
[0, 1, 0, 0, 0, 0, 1, 0, 0, 1, 1, 1, 0, 0]
0.3571
7626
[0, 0, 0, 1, 0, 1, 0, 1, 1, 1, 1, 1, 1, 0]
0.5714
914
[0, 1, 0, 1, 1, 0, 1, 1, 0, 1, 0, 1, 0, 1]
0.5714
1481
[0, 1, 1, 1, 1, 1, 1, 1, 1, 1, 1, 0, 1, 1]
0.8571
1568
[1, 1, 1, 1, 1, 1, 1, 1, 1, 1, 1, 1, 1, 1]
1.0000
1626
[1, 0, 1, 1, 1, 1, 1, 1, 1, 1, 1, 1, 1, 1]
0.9286
1784
[1, 0, 1, 1, 1, 0, 1, 1, 0, 1, 1, 0, 1, 1]
0.7143
1883
[1, 1, 1, 1, 1, 1, 1, 1, 1, 1, 1, 1, 1, 1]
1.0000
1908
[1, 1, 1, 1, 1, 1, 1, 1, 1, 1, 1, 1, 1, 1]
1.0000
2078
[1, 1, 1, 1, 0, 1, 1, 1, 0, 1, 1, 1, 1, 1]
0.8571
225
[1, 1, 1, 1, 1, 1, 1, 1, 1, 1, 1, 1, 1, 1]
1.0000
2575
[1, 1, 1, 0, 1, 1, 1, 1, 0, 1, 1, 1, 1, 0]
0.7857
2610
[1, 1, 1, 1, 1, 1, 1, 1, 1, 1, 1, 1, 1, 1]
1.0000
2683
[1, 1, 1, 1, 1, 1, 1, 1, 1, 1, 1, 1, 1, 1]
1.0000
2721
[1, 1, 1, 1, 1, 0, 1, 1, 0, 1, 1, 1, 1, 1]
0.8571
323
[1, 1, 1, 1, 1, 1, 1, 1, 1, 1, 1, 1, 1, 1]
1.0000
3637
[1, 1, 1, 1, 1, 1, 1, 1, 1, 1, 1, 1, 1, 1]
1.0000
638
[1, 1, 1, 0, 1, 0, 0, 1, 0, 1, 1, 1, 0, 1]
0.6429
6670
[1, 1, 1, 1, 0, 1, 1, 1, 1, 1, 1, 1, 1, 1]
0.9286
6863
[1, 1, 1, 1, 1, 0, 1, 1, 1, 1, 1, 1, 1, 1]
0.9286
7266
[0, 1, 1, 0, 0, 0, 1, 1, 1, 1, 1, 1, 1, 1]
0.7143
7626
[1, 1, 0, 1, 1, 1, 1, 1, 1, 1, 1, 1, 1, 1]
0.9286
914
[1, 1, 1, 1, 1, 1, 1, 1, 1, 1, 1, 1, 0, 1]
0.9286
1481
[1, 1, 1, 1, 1, 1, 1, 1, 1, 1, 1, 1, 1, 1]
1.0000
1568
[1, 1, 1, 1, 1, 1, 1, 0, 1, 1, 1, 0, 1, 1]
0.8571
1626
[1, 1, 0, 1, 1, 1, 1, 0, 1, 1, 1, 1, 1, 1]
0.8571
1784
[1, 1, 0, 1, 1, 1, 1, 1, 0, 1, 1, 1, 0, 1]
0.7857
1883
[1, 1, 1, 1, 1, 1, 1, 1, 1, 1, 1, 1, 1, 1]
1.0000
1908
[1, 1, 1, 1, 1, 1, 1, 1, 1, 1, 1, 1, 1, 0]
0.9286
2078
[0, 0, 1, 1, 1, 1, 0, 1, 1, 1, 1, 1, 1, 1]
0.7857
225
[1, 1, 1, 1, 1, 1, 1, 1, 1, 1, 1, 1, 1, 1]
1.0000
2575
[1, 1, 1, 0, 1, 1, 0, 1, 1, 1, 1, 1, 1, 1]
0.8571
2610
[1, 1, 1, 1, 1, 1, 1, 1, 1, 1, 1, 1, 1, 1]
1.0000
2683
[1, 1, 1, 1, 1, 1, 0, 1, 1, 1, 1, 1, 1, 1]
0.9286
2721
[0, 0, 1, 1, 1, 1, 1, 1, 1, 1, 1, 1, 1, 1]
0.8571
323
[1, 1, 1, 1, 1, 1, 1, 1, 1, 1, 1, 1, 1, 1]
1.0000
3637
[1, 1, 1, 1, 1, 1, 1, 1, 1, 0, 1, 1, 1, 1]
0.9286
638
[1, 1, 1, 1, 1, 0, 1, 1, 1, 1, 0, 1, 0, 1]
0.7857
6670
[1, 1, 0, 1, 0, 1, 1, 1, 1, 1, 1, 1, 1, 1]
0.8571
6863
[1, 1, 1, 1, 1, 1, 1, 1, 1, 1, 1, 1, 1, 1]
1.0000
7266
[1, 1, 1, 1, 0, 1, 1, 1, 1, 0, 0, 1, 1, 1]
0.7857
7626
[1, 1, 1, 1, 1, 1, 1, 1, 1, 1, 1, 1, 1, 1]
1.0000
914
[1, 1, 1, 1, 1, 1, 1, 1, 1, 1, 1, 1, 1, 1]
1.0000
1004
[1, 1, 1, 1, 1, 1, 1, 1, 1, 1, 1, 1, 1, 1]
1.0000
1032
[1, 1, 0, 1, 1, 1, 1, 1, 1, 1, 1, 1, 1, 1]
0.9286
1172
[1, 1, 1, 1, 1, 1, 0, 1, 1, 1, 1, 1, 1, 1]
0.9286
1184
[1, 1, 1, 1, 1, 1, 1, 1, 1, 1, 1]
1.0000
13
[1, 1, 1, 1, 1, 1, 1, 1, 1, 1, 1, 1, 1, 1]
1.0000
1310
[1, 1, 1, 1, 1, 1, 1, 1, 1, 1]
1.0000
1431
[1, 1, 1, 1, 1, 0, 1, 1, 1]
0.8889
1481
[1, 1, 0, 0, 0, 1, 1, 0, 1, 1, 0, 1, 1, 1]
0.6429
1492
[1, 1, 1, 1, 1, 1, 1, 1, 1]
1.0000
1556
[1, 1, 1, 1, 1, 1, 1, 1, 1, 0, 1, 0, 1]
0.8462
1568
[1, 1, 1, 1, 1, 1, 1, 0, 0, 0, 1, 1, 1, 1]
0.7857
1626
[1, 1, 1, 1, 1, 1, 1, 1, 1, 1, 1, 1, 1, 1]
1.0000
1775
[1, 1, 1, 1, 1, 1, 1, 1, 1, 1, 1, 1, 1, 1]
1.0000
1784
[1, 1, 1, 1, 1, 1, 1, 1, 1, 1, 1, 1, 1, 1]
1.0000
1874
[1, 1, 1, 1, 1, 1, 1, 1, 1, 1, 1, 1, 1, 1]
1.0000
1883
[1, 1, 1, 1, 1, 1, 1, 1, 1, 1, 1, 1, 1, 1]
1.0000
1974
[1, 0, 1, 1, 1, 0, 1, 1, 1, 1, 1, 1]
0.8333
2078
[1, 0, 1, 1, 1, 1, 1, 0, 1, 0, 0, 1, 0, 1]
0.6429
225
[1, 1, 1, 1, 1, 1, 1, 1, 1, 1, 1, 0, 1, 1]
0.9286
2266
[1, 1, 1, 1, 1, 1, 1, 1, 1, 1, 1, 1, 1, 1]
1.0000
1004
[1, 1, 1, 1, 1, 1, 1, 1, 1, 1, 1, 1, 1, 1]
1.0000
1032
[1, 1, 1, 1, 1, 1, 1, 1, 1, 1, 1, 1, 1, 1]
1.0000
1172
[1, 1, 0, 1, 1, 1, 1, 1, 1, 0, 0, 0, 1, 1]
0.7143
1184
[1, 1, 0, 1, 0, 1, 1, 0, 1, 1, 0]
0.6364
13
[1, 1, 1, 1, 1, 1, 1, 1, 0, 1, 1, 1, 1, 1]
0.9286
1310
[1, 1, 1, 1, 1, 1, 1, 1, 1, 1]
1.0000
1431
[1, 1, 1, 1, 1, 1, 1, 1, 1]
1.0000
1481
[1, 1, 0, 1, 1, 1, 1, 1, 1, 1, 1, 1, 1, 0]
0.8571
1492
[1, 1, 1, 1, 1, 1, 1, 1, 1]
1.0000
1556
[1, 1, 1, 1, 1, 1, 1, 1, 1, 1, 1, 1, 1]
1.0000
1568
[1, 1, 1, 1, 1, 1, 1, 1, 1, 0, 0, 1, 1, 1]
0.8571
1626
[1, 1, 1, 1, 1, 1, 1, 1, 1, 1, 1, 1, 1, 1]
1.0000
1775
[1, 1, 1, 1, 1, 1, 1, 1, 1, 1, 1, 1, 1, 1]
1.0000
1784
[1, 1, 1, 1, 1, 1, 1, 1, 1, 1, 1, 1, 1, 1]
1.0000
1874
[1, 1, 1, 1, 1, 1, 1, 1, 1, 1, 1, 0, 1, 1]
0.9286
1883
[1, 0, 1, 1, 1, 1, 1, 1, 1, 1, 1, 1, 1, 1]
0.9286
1974
[1, 1, 1, 1, 1, 1, 1, 1, 1, 1, 1, 1]
1.0000
2078
[1, 1, 1, 1, 0, 1, 1, 1, 1, 0, 1, 0, 1, 0]
0.7143
225
[1, 1, 1, 1, 1, 1, 1, 1, 1, 1, 1, 1, 1, 1]
1.0000
2266
[1, 1, 1, 1, 1, 1, 1, 1, 1, 1, 1, 1, 1, 1]
1.0000
